eepEnv4Pycharm\python.exe D:/GIT_REPO1/python3-krakenex/hub_test.py
{'kraken>>poloniex': (1.1116017742899678, [1.0400640683558433, 1.033729794520548, 1.0339084972791963, 0, 0, 0]), 'cok_com>>poloniex': (1.2116641915524913, [1.1090747748764223, 1.0925, 0, 0, 0, 0]), 'cok_com>>kraken': (1.1165450850382173, [1.0657883265848547, 1.0476236764724234, 0, 0, 0, 0]), 'cok_cn>>poloniex': (1.1734250396634045, [1.090407707719002, 1.076134212328767, 0, 0, 0, 0]), 'cok_cn>>kraken': (1.0813078160032348, [1.0478498226006026, 1.0319301417827171, 0, 0, 0, 0])}
{'kraken>>poloniex': (1.1105140359692065, [1.0372519954468815, 1.0309501036513837, 1.0384895397139124, 0, 0, 0]), 'cok_com>>poloniex': (1.2054253311204761, [1.105929304455385, 1.0899659917358713, 0, 0, 0, 0]), 'cok_com>>kraken': (1.115790182892819, [1.064658511249039, 1.0480263587840886, 0, 0, 0, 0]), 'cok_cn>>poloniex': (1.162935743530699, [1.0862725199626473, 1.0705745769677464, 0, 0, 0, 0])}
{'kraken>>poloniex': (1.1050160238930824, [1.0362882129238165, 1.030950445194326, 1.0343088171250545, 0, 0, 0]), 'cok_com>>poloniex': (1.2031885419877735, [1.1043269961935198, 1.0895219859108918, 0, 0, 0, 0]), 'cok_com>>kraken': (1.1221196176750674, [1.063591054406697, 1.0550291985118465, 0, 0, 0, 0]), 'cok_cn>>poloniex': (1.1600473974075136, [1.087244258550999, 1.0669611619320405, 0, 0, 0, 0]), 'cok_cn>>kraken': (1.0818852545863955, [1.047138457482065, 1.0331826196011196, 0, 0, 0, 0])}
{'kraken>>poloniex': (1.108166920727611, [1.036893827160494, 1.0345637658904445, 1.0330316539634148, 0, 0, 0]), 'cok_com>>poloniex': (1.2049233237620514, [1.1054169040835709, 1.0900170960936904, 0, 0, 0, 0]), 'cok_com>>kraken': (1.1208805655878307, [1.0656566766274098, 1.0518214638650727, 0, 0, 0, 0]), 'cok_cn>>poloniex': (1.1611568627909201, [1.0875513618233619, 1.067680022802926, 0, 0, 0, 0]), 'cok_cn>>kraken': (1.0801667918898228, [1.0484337317630517, 1.030267110991754, 0, 0, 0, 0])}
{'kraken>>poloniex': (1.1108250965899689, [1.0380635706128665, 1.0345641100491296, 1.0343423921914958, 0, 0, 0]), 'cok_com>>poloniex': (1.2140817520405662, [1.1107803578226114, 1.0929989385304306, 0, 0, 0, 0]), 'cok_com>>kraken': (1.1270514130742992, [1.0685938821771628, 1.0547050959884166, 0, 0, 0, 0]), 'cok_cn>>poloniex': (1.164516848324847, [1.0885418119527979, 1.069795239409089, 0, 0, 0, 0]), 'cok_cn>>kraken': (1.0810395241073472, [1.0471999370127183, 1.0323143517284397, 0, 0, 0, 0])}
{'kraken>>poloniex': (1.0801637753380364, [1.039987864321145, 0, 1.0386311344537815, 0, 0, 0]), 'cok_com>>poloniex': (1.2205641522881092, [1.1162164121988445, 1.093483431123996, 0, 0, 0, 0]), 'cok_com>>kraken': (1.1337584794432, [1.0725709837077315, 1.057047502370381, 0, 0, 0, 0]), 'cok_cn>>poloniex': (1.169506873750964, [1.0913520915110233, 1.0716128029147147, 0, 0, 0, 0]), 'cok_cn>>kraken': (1.0863323590133436, [1.048678888404433, 1.0359056247105352, 0, 0, 0, 0])}
{'kraken>>poloniex': (1.1240407571449698, [1.0447557055670702, 1.0359143657139998, 1.038588361344538, 0, 0, 0]), 'cok_com>>poloniex': (1.2349991093421449, [1.1202297168383668, 1.1024516586006061, 0, 0, 0, 0]), 'cok_com>>kraken': (1.1354342839032747, [1.0722376767419703, 1.0589389913562162, 0, 0, 0, 0]), 'cok_cn>>poloniex': (1.188616477809413, [1.0977560848527106, 1.0827692000166809, 0, 0, 0, 0]), 'cok_cn>>kraken': (1.092790989975743, [1.05072684321734, 1.0400333797788988, 0, 0, 0, 0])}
{'kraken>>poloniex': (1.0718583626624623, [1.0363786633982428, 0, 1.0342343011461497, 0, 0, 0]), 'cok_com>>poloniex': (1.2180783991370052, [1.110896324427621, 1.096482518082512, 0, 0, 0, 0]), 'cok_com>>kraken': (1.1368737271303286, [1.071448849223371, 1.0610620637227621, 0, 0, 0, 0]), 'cok_cn>>poloniex': (1.1843466718368292, [1.096832047830095, 1.0797885366131192, 0, 0, 0, 0]), 'cok_cn>>kraken': (1.1053907662917943, [1.0578839893492125, 1.0449073598058771, 0, 0, 0, 0])}
{'kraken>>poloniex': (1.0672751492661208, [1.032105047646541, 0, 1.0340760872159054, 0, 0, 0]), 'cok_com>>poloniex': (1.2150834835289734, [1.1055564527938888, 1.0990695956396395, 0, 0, 0, 0]), 'cok_com>>kraken': (1.1393816646979171, [1.0711662058484244, 1.063683356025466, 0, 0, 0, 0]), 'cok_cn>>poloniex': (1.1720508215947847, [1.0891197963927965, 1.0761449984443021, 0, 0, 0, 0]), 'cok_cn>>kraken': (1.0990300126052075, [1.055240840093018, 1.0414968515702345, 0, 0, 0, 0])}
{'kraken>>poloniex': (1.0659277988228286, [1.0327600876992398, 0, 1.03211560121139, 0, 0, 0]), 'cok_com>>poloniex': (1.2142401460446133, [1.1044103209420641, 1.0994465761682344, 0, 0, 0, 0]), 'cok_com>>kraken': (1.135887362819509, [1.067514598540146, 1.064048552003752, 0, 0, 0, 0]), 'cok_cn>>poloniex': (1.1727388469385835, [1.089096609471357, 1.0767996491218774, 0, 0, 0, 0]), 'cok_cn>>kraken': (1.0970640696277187, [1.0527124817518247, 1.0421307704094933, 0, 0, 0, 0])}
{'kraken>>poloniex': (1.06288933073835, [1.0301920487744365, 0, 1.0317390160434763, 0, 0, 0]), 'cok_com>>poloniex': (1.2042478522950022, [1.1013001353899863, 1.093478347633691, 0, 0, 0, 0]), 'cok_com>>kraken': (1.1311181687790648, [1.0670904884883343, 1.0600021094569343, 0, 0, 0, 0]), 'cok_cn>>poloniex': (1.1706101597205356, [1.0875233243581617, 1.0764000490853016, 0, 0, 0, 0]), 'cok_cn>>kraken': (1.0995231734844724, [1.053741626047166, 1.0434466536251812, 0, 0, 0, 0])}
{'cok_com>>poloniex': (1.1981354033931524, [1.0967428785607196, 1.0924487651704586, 0, 0, 0, 0]), 'cok_com>>kraken': (1.1333078260656724, [1.0644274515923797, 1.0647111969634453, 0, 0, 0, 0]), 'cok_cn>>poloniex': (1.164922618412782, [1.085031836581709, 1.0736298965040154, 0, 0, 0, 0]), 'cok_cn>>kraken': (1.1018920870456153, [1.053061474376673, 1.0463701444380025, 0, 0, 0, 0])}
{'kraken>>poloniex': (1.0692633622923609, [1.0347822615414224, 0, 1.0333220833333334, 0, 0, 0]), 'cok_com>>poloniex': (1.2051997167962114, [1.102020694485408, 1.0936271186440678, 0, 0, 0, 0]), 'cok_com>>kraken': (1.133912501138275, [1.0649783393501804, 1.0647282289611226, 0, 0, 0, 0]), 'cok_cn>>poloniex': (1.1648800436175653, [1.0852153075633306, 1.0734091525423728, 0, 0, 0, 0]), 'cok_cn>>kraken': (1.0959777249995855, [1.048737833935018, 1.045044518788186, 0, 0, 0, 0])}
{'kraken>>poloniex': (1.1046116143216942, [1.032272163569188, 1.0343079402066817, 1.0345834583333333, 0, 0, 0]), 'cok_com>>poloniex': (1.2021894386061664, [1.100429478726332, 1.0924729497410541, 0, 0, 0, 0]), 'cok_com>>kraken': (1.1214118914788298, [1.0626166566330417, 1.055330616623387, 0, 0, 0, 0]), 'cok_cn>>poloniex': (1.1653449404634617, [1.082927090106753, 1.0761065551962359, 0, 0, 0, 0]), 'cok_cn>>kraken': (1.0870430499086496, [1.0457156829336134, 1.0395206533185941, 0, 0, 0, 0])}
{'kraken>>poloniex': (1.0666502664530844, [1.0337997511229975, 0, 1.0317764782728975, 0, 0, 0]), 'cok_com>>poloniex': (1.2073541872872324, [1.1067710780825988, 1.0908797773961412, 0, 0, 0, 0]), 'cok_com>>kraken': (1.1323178509845826, [1.0705454545454545, 1.0577017969455171, 0, 0, 0, 0]), 'cok_cn>>poloniex': (1.1709367755001505, [1.0910059812213915, 1.0732633877857165, 0, 0, 0, 0]), 'cok_cn>>kraken': (1.0981637594285487, [1.0552963636363635, 1.0406211916095984, 0, 0, 0, 0])}
{'kraken>>poloniex': (1.0696220257087756, [1.0316868410155673, 0, 1.0367700577200984, 0, 0, 0]), 'cok_com>>poloniex': (1.203754389170163, [1.1014054690726307, 1.0929257416741436, 0, 0, 0, 0]), 'cok_com>>kraken': (1.1277099422989976, [1.0642057761732853, 1.059672826014968, 0, 0, 0, 0]), 'cok_cn>>poloniex': (1.1632799081340255, [1.0838047044210641, 1.073329819836328, 0, 0, 0, 0]), 'cok_cn>>kraken': (1.0897923445859707, [1.0471994729241876, 1.0406731217528666, 0, 0, 0, 0])}
{'kraken>>poloniex': (1.0642438178041234, [1.0319231468798835, 0, 1.031320812041056, 0, 0, 0]), 'cok_com>>poloniex': (1.1852924301337386, [1.0958622404852318, 1.0816071458114191, 0, 0, 0, 0]), 'cok_com>>kraken': (1.1113241668034772, [1.0597025372456608, 1.0487133207135555, 0, 0, 0, 0]), 'cok_cn>>poloniex': (1.1472424231589293, [1.07724473546476, 1.0649784449064583, 0, 0, 0, 0]), 'cok_cn>>kraken': (1.0756486733783017, [1.04169934617062, 1.032590331684936, 0, 0, 0, 0])}
{'cok_com>>poloniex': (1.1749382194268216, [1.091240096214266, 1.076700007178, 0, 0, 0, 0]), 'cok_com>>kraken': (1.115895661547888, [1.0623135999689657, 1.050439024390244, 0, 0, 0, 0]), 'cok_cn>>poloniex': (1.1299275747866675, [1.0713896644566214, 1.0546373670309157, 0, 0, 0, 0])}
{'cok_com>>poloniex': (1.1766556180366665, [1.0935748436925339, 1.0759717314487633, 0, 0, 0, 0]), 'cok_com>>kraken': (1.118669246389509, [1.0657455197132615, 1.0496588779378464, 0, 0, 0, 0]), 'cok_cn>>poloniex': (1.1350033408313938, [1.0716514159617505, 1.0591161677445162, 0, 0, 0, 0]), 'cok_cn>>kraken': (1.0790696211148032, [1.0443799999999999, 1.0332155164928507, 0, 0, 0, 0])}
{'cok_com>>poloniex': (1.1841942726795704, [1.0941332351858668, 1.0823126787464823, 0, 0, 0, 0]), 'cok_com>>kraken': (1.1231296956754746, [1.0655057582457916, 1.054081300813008, 0, 0, 0, 0]), 'cok_cn>>poloniex': (1.1405656030156457, [1.0746576150165623, 1.061329289513356, 0, 0, 0, 0]), 'cok_cn>>kraken': (1.0817507972861993, [1.0465397084371715, 1.0336452487804877, 0, 0, 0, 0])}
{'cok_com>>poloniex': (1.1889337822989523, [1.0950561079213714, 1.0857286432160804, 0, 0, 0, 0]), 'cok_com>>kraken': (1.121516794976955, [1.0641069284933617, 1.0539512195121952, 0, 0, 0, 0]), 'cok_cn>>poloniex': (1.1507709420626837, [1.0812783251526048, 1.064268944723618, 0, 0, 0, 0]), 'cok_cn>>kraken': (1.0855179303587439, [1.050718542275097, 1.0331196097560975, 0, 0, 0, 0])}
{'cok_com>>poloniex': (1.1513749455315376, [1.082867030949612, 1.0632653064724376, 0, 0, 0, 0]), 'cok_com>>kraken': (1.1167722290845226, [1.063115164520744, 1.0504715447154471, 0, 0, 0, 0]), 'cok_cn>>poloniex': (1.105342323534617, [1.0634280655582742, 1.0394142860564233, 0, 0, 0, 0])}
{'cok_com>>poloniex': (1.1562116866742427, [1.0867322027832758, 1.0639343195251048, 0, 0, 0, 0]), 'cok_com>>kraken': (1.1141760278484247, [1.0617938362592985, 1.0493336745800568, 0, 0, 0, 0]), 'cok_cn>>poloniex': (1.104289653947665, [1.0645598222023918, 1.0373204313338438, 0, 0, 0, 0])}
{'cok_com>>poloniex': (1.165018978043563, [1.0855052387860988, 1.073250442666111, 0, 0, 0, 0]), 'cok_com>>kraken': (1.1152322992780128, [1.0586341051675894, 1.0534634146341464, 0, 0, 0, 0]), 'cok_cn>>poloniex': (1.1053978112413159, [1.0600408456556591, 1.0427879414001282, 0, 0, 0, 0])}
{'cok_com>>poloniex': (1.1625313854134403, [1.0829848802759277, 1.07345116869706, 0, 0, 0, 0]), 'cok_com>>kraken': (1.114831806810663, [1.057957597173145, 1.0537584963608047, 0, 0, 0, 0]), 'cok_cn>>poloniex': (1.1060337302276475, [1.0582273746692403, 1.045175882520852, 0, 0, 0, 0])}
{'kraken>>poloniex': (1.0676009275241016, [1.0331536764364029, 0, 1.0333418463035584, 0, 0, 0]), 'cok_com>>poloniex': (1.174883764246795, [1.097444852904864, 1.0705629181611773, 0, 0, 0, 0]), 'cok_com>>kraken': (1.1168508719577848, [1.0622280866194242, 1.0514228403733885, 0, 0, 0, 0]), 'cok_cn>>poloniex': (1.123818549150038, [1.0772538749643554, 1.0432253485161271, 0, 0, 0, 0])}
{'cok_com>>poloniex': (1.1891214949697375, [1.105768234396804, 1.075380407919208, 0, 0, 0, 0]), 'cok_com>>kraken': (1.1226017938864707, [1.0647700534759357, 1.0543138306921234, 0, 0, 0, 0]), 'cok_cn>>poloniex': (1.1320725459283516, [1.0793969770749339, 1.0488009230822228, 0, 0, 0, 0])}
{'kraken>>poloniex': (1.122073210904771, [1.044554187997326, 1.0344905553864365, 1.0383976322530646, 0, 0, 0]), 'cok_com>>poloniex': (1.2204702220911372, [1.111220640143526, 1.098314932247389, 0, 0, 0, 0]), 'cok_com>>kraken': (1.1192292915705813, [1.0624499554010378, 1.053441892374226, 0, 0, 0, 0]), 'cok_cn>>poloniex': (1.1683450575388368, [1.0903159689438942, 1.071565574399982, 0, 0, 0, 0])}
{'cok_com>>poloniex': (1.1860725040961062, [1.0967669724810891, 1.0814261678695443, 0, 0, 0, 0]), 'cok_com>>kraken': (1.1304871450020073, [1.067775210183109, 1.0587314017227878, 0, 0, 0, 0]), 'cok_cn>>poloniex': (1.136759417132683, [1.0733915773250398, 1.0590351565507528, 0, 0, 0, 0]), 'cok_cn>>kraken': (1.083485118818962, [1.0450177164746688, 1.0368102872686806, 0, 0, 0, 0])}
{'cok_com>>poloniex': (1.1908018834784109, [1.0980966325036603, 1.0844235818876728, 0, 0, 0, 0]), 'cok_com>>kraken': (1.1354756809101962, [1.0695187165775402, 1.0616697616510333, 0, 0, 0, 0]), 'cok_cn>>poloniex': (1.1496306250355146, [1.074996259150805, 1.06942755870022, 0, 0, 0, 0]), 'cok_cn>>kraken': (1.0962172926232876, [1.0470195294117646, 1.0469883911708535, 0, 0, 0, 0])}
{'cok_com>>poloniex': (1.1915550149505576, [1.0969174579985392, 1.0862759146205005, 0, 0, 0, 0]), 'cok_com>>kraken': (1.127031720552284, [1.0597529515504307, 1.0634853329763543, 0, 0, 0, 0]), 'cok_cn>>poloniex': (1.1512427852777634, [1.074465208181154, 1.071456550209362, 0, 0, 0, 0]), 'cok_cn>>kraken': (1.0889024180883828, [1.0380614032580586, 1.0489768858284825, 0, 0, 0, 0])}
{'cok_com>>poloniex': (1.1822384272312019, [1.0994817333112454, 1.0752688211296817, 0, 0, 0, 0]), 'cok_com>>kraken': (1.1312431116329644, [1.0626003968962234, 1.064598803969245, 0, 0, 0, 0]), 'cok_cn>>poloniex': (1.1401789297217337, [1.0779568601328355, 1.0577222260835473, 0, 0, 0, 0]), 'cok_cn>>kraken': (1.0909978313744293, [1.0417975603510126, 1.0472263258198067, 0, 0, 0, 0])}
{'cok_com>>poloniex': (1.1851423136612362, [1.0939775199380204, 1.0833333336944444, 0, 0, 0, 0]), 'cok_com>>kraken': (1.1424395357530674, [1.069810963506745, 1.0678891642765116, 0, 0, 0, 0]), 'cok_cn>>poloniex': (1.1390185204369316, [1.0725874111636235, 1.0619353803539784, 0, 0, 0, 0]), 'cok_cn>>kraken': (1.09797766454069, [1.0488933738301782, 1.0467962635051014, 0, 0, 0, 0])}
{'cok_com>>poloniex': (1.1949946143625627, [1.0996882928597318, 1.0866666692022222, 0, 0, 0, 0]), 'cok_com>>kraken': (1.147192876027367, [1.0709640208132796, 1.0711777928414439, 0, 0, 0, 0]), 'cok_cn>>poloniex': (1.1533497615315986, [1.0811460674157303, 1.0667844024891635, 0, 0, 0, 0]), 'cok_cn>>kraken': (1.1072138853970417, [1.0529061252757237, 1.0515789193524698, 0, 0, 0, 0])}
{'cok_com>>poloniex': (1.1887593291567824, [1.0965740072202166, 1.0840666670280221, 0, 0, 0, 0]), 'cok_com>>kraken': (1.145590744756693, [1.0686238983975094, 1.072024260803639, 0, 0, 0, 0]), 'cok_cn>>poloniex': (1.1546054179808423, [1.0832183393501804, 1.0659027603553008, 0, 0, 0, 0]), 'cok_cn>>kraken': (1.112677098082599, [1.0556086474696125, 1.0540621287536671, 0, 0, 0, 0])}
{'cok_com>>poloniex': (1.191488298696788, [1.0985888718436365, 1.0845625048952563, 0, 0, 0, 0]), 'cok_com>>kraken': (1.1366410865514123, [1.0643849875471985, 1.0678853045181735, 0, 0, 0, 0]), 'cok_cn>>poloniex': (1.1392380272098348, [1.077542262904881, 1.057256004176237, 0, 0, 0, 0]), 'cok_cn>>kraken': (1.0867960268722736, [1.0439936517460322, 1.0409986929083872, 0, 0, 0, 0])}
{'kraken>>poloniex': (1.0676063721988316, [1.0341844068021713, 0, 1.0323172203881947, 0, 0, 0]), 'cok_com>>poloniex': (1.18968543344063, [1.0919247910535026, 1.0895305639986492, 0, 0, 0, 0]), 'cok_com>>kraken': (1.1143296673048773, [1.055672702101573, 1.0555635900090372, 0, 0, 0, 0]), 'cok_cn>>poloniex': (1.1301762230589896, [1.0641189528689943, 1.0620769604863223, 0, 0, 0, 0])}
{'cok_com>>poloniex': (1.1742331011459404, [1.0913353131403356, 1.0759599611663486, 0, 0, 0, 0]), 'cok_com>>kraken': (1.1082068695829912, [1.0557687548579815, 1.0496681820557037, 0, 0, 0, 0]), 'cok_cn>>poloniex': (1.1227597462599235, [1.0615931318440424, 1.057617756352315, 0, 0, 0, 0])}
{'cok_com>>poloniex': (1.1732274832462386, [1.0880685920538338, 1.0782661054774674, 0, 0, 0, 0]), 'cok_com>>kraken': (1.1097491806645572, [1.0540166253422814, 1.0528763531639524, 0, 0, 0, 0]), 'cok_com>>cok_cn': (1.0666823914025776, [1.0307252883445401, 1.0348852438808294, 0, 0, 0, 0]), 'cok_cn>>poloniex': (1.0924152242531646, [1.052187475880678, 1.038232491162106, 0, 0, 0, 0])}
{'kraken>>poloniex': (1.1088330581569443, [1.0337544809347154, 1.0374111697547266, 1.0339459597613476, 0, 0, 0]), 'cok_com>>poloniex': (1.2149727149850578, [1.1051722876501195, 1.0993514120485253, 0, 0, 0, 0]), 'cok_com>>kraken': (1.1166202641297507, [1.0625135613504062, 1.0509233055911091, 0, 0, 0, 0]), 'cok_cn>>poloniex': (1.1541957899809445, [1.0761159338570772, 1.0725571043670072, 0, 0, 0, 0])}
{'kraken>>poloniex': (1.0653384778670483, [1.0319785610465118, 1.032326172344808, 0, 0, 0, 0]), 'cok_com>>poloniex': (1.1993839287580528, [1.096656976744186, 1.0936728203917034, 0, 0, 0, 0]), 'cok_com>>kraken': (1.1157374955864565, [1.0619282195636874, 1.05067129306054, 0, 0, 0, 0]), 'cok_cn>>poloniex': (1.1408510968731334, [1.067931300872093, 1.068281354747719, 0, 0, 0, 0])}
{'cok_com>>poloniex': (1.2000353446993475, [1.0947677793864485, 1.0961551548145627, 0, 0, 0, 0]), 'cok_com>>kraken': (1.1296790255986444, [1.0638973839276804, 1.061830814385606, 0, 0, 0, 0]), 'cok_cn>>poloniex': (1.1381076288886927, [1.067715837514268, 1.065927458319156, 0, 0, 0, 0]), 'cok_cn>>kraken': (1.0713820412943547, [1.0376082560140818, 1.0325496497204187, 0, 0, 0, 0])}
{'cok_com>>poloniex': (1.1843457792338858, [1.0938361131294192, 1.0827451800302352, 0, 0, 0, 0]), 'cok_com>>kraken': (1.1319228023505183, [1.0660059370961799, 1.061835364101158, 0, 0, 0, 0]), 'cok_cn>>poloniex': (1.1312699297151234, [1.0684317476470935, 1.0588134733046004, 0, 0, 0, 0]), 'cok_cn>>kraken': (1.081196261691696, [1.0412479280057299, 1.038365822981735, 0, 0, 0, 0])}
{'cok_com>>poloniex': (1.1881093899761888, [1.0939239130474416, 1.086098745813469, 0, 0, 0, 0]), 'cok_com>>kraken': (1.130059413182381, [1.0646086036671367, 1.0614787531209058, 0, 0, 0, 0]), 'cok_cn>>poloniex': (1.1384749842238389, [1.0700532826125724, 1.0639423313988743, 0, 0, 0, 0]), 'cok_cn>>kraken': (1.0828501007138707, [1.0413776657263751, 1.039824586557239, 0, 0, 0, 0])}
{'cok_com>>poloniex': (1.1898735474138746, [1.095029090909091, 1.0866136409454146, 0, 0, 0, 0]), 'cok_com>>kraken': (1.1239692774845886, [1.0621975308641975, 1.0581546697535005, 0, 0, 0, 0]), 'cok_cn>>poloniex': (1.1384769305954452, [1.0721864487272725, 1.061827382678509, 0, 0, 0, 0]), 'cok_cn>>kraken': (1.0754193972085553, [1.040039765079365, 1.0340175763630448, 0, 0, 0, 0])}
{'cok_com>>poloniex': (1.1860880206055424, [1.0921327529963443, 1.086029163901023, 0, 0, 0, 0]), 'cok_com>>kraken': (1.1234016615773124, [1.0624208082769047, 1.0573980223517176, 0, 0, 0, 0]), 'cok_cn>>poloniex': (1.131696853820779, [1.0663143199168164, 1.0613163798729282, 0, 0, 0, 0]), 'cok_cn>>kraken': (1.0718851416566944, [1.0373047768553225, 1.0333367449692126, 0, 0, 0, 0])}
{'cok_com>>poloniex': (1.1808637926841339, [1.0895780283818812, 1.0837808416876944, 0, 0, 0, 0]), 'cok_com>>kraken': (1.1242151375769385, [1.0621416236112637, 1.0584418429574634, 0, 0, 0, 0]), 'cok_cn>>poloniex': (1.1317095309318337, [1.0663706802551207, 1.0612721747573566, 0, 0, 0, 0]), 'cok_cn>>kraken': (1.0774189147773994, [1.0395186541891692, 1.0364594328687566, 0, 0, 0, 0])}
{'cok_com>>poloniex': (1.18761508110157, [1.0946402349526234, 1.0849364413806428, 0, 0, 0, 0]), 'cok_com>>kraken': (1.143396156118255, [1.0730809282022633, 1.0655264911228934, 0, 0, 0, 0]), 'cok_cn>>poloniex': (1.1150229879211326, [1.0656925991228547, 1.0462895105388557, 0, 0, 0, 0])}
{'cok_com>>poloniex': (1.1857778233303102, [1.0955778515379304, 1.0823309559113126, 0, 0, 0, 0]), 'cok_com>>kraken': (1.1342820525365733, [1.066797024331911, 1.0632594829807718, 0, 0, 0, 0]), 'cok_cn>>poloniex': (1.1309486486342422, [1.075560254625745, 1.0514972487782845, 0, 0, 0, 0]), 'cok_cn>>kraken': (1.08183399052233, [1.0473052896366375, 1.0329690886003948, 0, 0, 0, 0])}
{'cok_com>>poloniex': (1.1822398925705022, [1.0931326744943635, 1.0815154648243919, 0, 0, 0, 0]), 'cok_com>>kraken': (1.1298989499620185, [1.0630230181434113, 1.0629110853454586, 0, 0, 0, 0]), 'cok_cn>>poloniex': (1.1253290909285618, [1.0670744775656158, 1.05459282794941, 0, 0, 0, 0]), 'cok_cn>>kraken': (1.075507742711422, [1.0376825779636445, 1.036451575415293, 0, 0, 0, 0])}
{'cok_com>>poloniex': (1.1774733705150973, [1.0860639070521863, 1.0841658238243237, 0, 0, 0, 0]), 'cok_com>>kraken': (1.1298914196672474, [1.0627852818547414, 1.0631417643415182, 0, 0, 0, 0]), 'cok_cn>>poloniex': (1.117441280483183, [1.060699782142779, 1.0534943999194355, 0, 0, 0, 0]), 'cok_cn>>kraken': (1.0722852392386584, [1.037964809996866, 1.0330651183077162, 0, 0, 0, 0])}
{'cok_com>>poloniex': (1.1759282323447833, [1.0886991279069766, 1.0801223241590214, 0, 0, 0, 0]), 'cok_com>>kraken': (1.1284775926950645, [1.0654201619413042, 1.0591855054055512, 0, 0, 0, 0]), 'cok_cn>>poloniex': (1.1104399524718678, [1.0630724563953486, 1.0445571661569826, 0, 0, 0, 0])}
{'cok_com>>poloniex': (1.1793870932415023, [1.0901090116318681, 1.0818983061849814, 0, 0, 0, 0]), 'cok_com>>kraken': (1.1309833857998883, [1.0657349712604887, 1.0612238655002826, 0, 0, 0, 0]), 'cok_cn>>poloniex': (1.1094809483908799, [1.0607765188992033, 1.045913940046692, 0, 0, 0, 0])}
{'cok_com>>poloniex': (1.1766940734470168, [1.0892201668480233, 1.080308746809311, 0, 0, 0, 0]), 'cok_com>>kraken': (1.1256606840484709, [1.0622797956786891, 1.0596649664500941, 0, 0, 0, 0]), 'cok_cn>>poloniex': (1.109207819114387, [1.0553351251360175, 1.0510479493150824, 0, 0, 0, 0])}
{'cok_com>>poloniex': (1.175735655812205, [1.0850280475028855, 1.0835993212507977, 0, 0, 0, 0]), 'cok_com>>kraken': (1.1229156196300052, [1.060058102458726, 1.059296294255462, 0, 0, 0, 0]), 'cok_cn>>poloniex': (1.1108098120950904, [1.0556218988462247, 1.0522800003573107, 0, 0, 0, 0])}
{'cok_com>>poloniex': (1.173272044484703, [1.084862218991408, 1.0814940588266493, 0, 0, 0, 0]), 'cok_com>>kraken': (1.1190281875850083, [1.059436510999614, 1.0562484641285088, 0, 0, 0, 0]), 'cok_cn>>poloniex': (1.1117810188887032, [1.055543862936508, 1.0532778958097906, 0, 0, 0, 0])}
{'cok_com>>poloniex': (1.1701297966636686, [1.083759660389681, 1.0796949170842287, 0, 0, 0, 0]), 'cok_com>>kraken': (1.1181753879305076, [1.058590622650958, 1.0562868818262676, 0, 0, 0, 0]), 'cok_cn>>poloniex': (1.112312027410591, [1.0582921519538477, 1.051044388222109, 0, 0, 0, 0])}
{'cok_com>>poloniex': (1.165910106574039, [1.0806317734585473, 1.078915256065958, 0, 0, 0, 0]), 'cok_com>>kraken': (1.1191702983174845, [1.0603016874518567, 1.0555206235756376, 0, 0, 0, 0]), 'cok_cn>>poloniex': (1.1101544484560602, [1.055789041462286, 1.0514926797482926, 0, 0, 0, 0])}
{'cok_com>>poloniex': (1.1647494550054638, [1.0807400782527783, 1.077733192691903, 0, 0, 0, 0]), 'cok_com>>kraken': (1.1249534004260764, [1.0603805829206565, 1.0608958882739665, 0, 0, 0, 0]), 'cok_cn>>poloniex': (1.1096106416636518, [1.056750385773483, 1.050021515583813, 0, 0, 0, 0]), 'cok_cn>>kraken': (1.0716985177577352, [1.0368428196719683, 1.0336171475796054, 0, 0, 0, 0])}
{'cok_com>>poloniex': (1.1644173003740728, [1.078409231407028, 1.0797545741098933, 0, 0, 0, 0]), 'cok_com>>kraken': (1.1184404886826467, [1.0555520282186948, 1.0595787405857007, 0, 0, 0, 0]), 'cok_cn>>poloniex': (1.11173340277104, [1.0543480446015765, 1.054427338736279, 0, 0, 0, 0]), 'cok_cn>>kraken': (1.067836805482549, [1.0320008253968254, 1.0347247591318, 0, 0, 0, 0])}
{'cok_com>>poloniex': (1.1653861862539405, [1.081423936553713, 1.0776404579759893, 0, 0, 0, 0]), 'cok_com>>kraken': (1.1217968770519287, [1.0581563225640098, 1.0601428665414123, 0, 0, 0, 0]), 'cok_cn>>poloniex': (1.1157383070139022, [1.0599385003604902, 1.0526443813810276, 0, 0, 0, 0]), 'cok_cn>>kraken': (1.0740059931881394, [1.0371331609874719, 1.0355526499273828, 0, 0, 0, 0])}
{'cok_com>>poloniex': (1.1550959312078828, [1.07762152623549, 1.0718938913952825, 0, 0, 0, 0]), 'cok_com>>kraken': (1.117016362571322, [1.058466522731496, 1.0553157219264067, 0, 0, 0, 0]), 'cok_cn>>poloniex': (1.115972490763745, [1.059749036393613, 1.053053555548834, 0, 0, 0, 0]), 'cok_cn>>kraken': (1.0791826883668878, [1.0409117210549086, 1.0367667752585144, 0, 0, 0, 0])}
{'cok_com>>poloniex': (1.1601264446325907, [1.0779677419354838, 1.0762162906188562, 0, 0, 0, 0]), 'cok_com>>kraken': (1.1150749538858913, [1.0567568517217147, 1.0551859229198866, 0, 0, 0, 0]), 'cok_cn>>poloniex': (1.1235293542629654, [1.0636033333333332, 1.0563424531040384, 0, 0, 0, 0]), 'cok_cn>>kraken': (1.0798990478067985, [1.042675087842586, 1.035700440528634, 0, 0, 0, 0])}
{'cok_com>>poloniex': (1.1565281974861856, [1.0809896020078882, 1.0698791138582535, 0, 0, 0, 0]), 'cok_com>>kraken': (1.1090258762602574, [1.0560003698775378, 1.050213530122976, 0, 0, 0, 0]), 'cok_cn>>poloniex': (1.1229357678752887, [1.0669614234492648, 1.0524614509914243, 0, 0, 0, 0]), 'cok_cn>>kraken': (1.0768131954402715, [1.0422964806642665, 1.033116023527209, 0, 0, 0, 0])}
{'cok_com>>poloniex': (1.1542150964461395, [1.0788614393202927, 1.0698455375078761, 0, 0, 0, 0]), 'cok_com>>kraken': (1.1103444800412794, [1.057284581503362, 1.0501850679241638, 0, 0, 0, 0]), 'cok_cn>>poloniex': (1.1204776660006555, [1.062881783036612, 1.0541884185835741, 0, 0, 0, 0]), 'cok_cn>>kraken': (1.0778893771915068, [1.0416245128507062, 1.0348156786763316, 0, 0, 0, 0])}
{'cok_com>>poloniex': (1.1514461496529862, [1.077693957403543, 1.0684351914036265, 0, 0, 0, 0]), 'cok_com>>kraken': (1.1072980945658983, [1.0557745237893974, 1.0488016802977704, 0, 0, 0, 0]), 'cok_cn>>poloniex': (1.1165873869687963, [1.0574591569554983, 1.0559153794492948, 0, 0, 0, 0]), 'cok_cn>>kraken': (1.073775865575197, [1.0359512830073128, 1.0365119317754803, 0, 0, 0, 0])}
{'cok_com>>poloniex': (1.1622543951120015, [1.0771438823029986, 1.079014989740304, 0, 0, 0, 0]), 'cok_com>>kraken': (1.115856655801458, [1.0578837180701128, 1.0548008601901016, 0, 0, 0, 0]), 'cok_cn>>poloniex': (1.1184032578303447, [1.0597447771721582, 1.0553515166309304, 0, 0, 0, 0]), 'cok_cn>>kraken': (1.0737560764394976, [1.0407957223721263, 1.0316684180755948, 0, 0, 0, 0])}
{'cok_com>>poloniex': (1.16466431240251, [1.0818452808398242, 1.0765534896990023, 0, 0, 0, 0]), 'cok_com>>kraken': (1.1132398860529786, [1.0578136013888713, 1.0523970240043563, 0, 0, 0, 0]), 'cok_cn>>poloniex': (1.1151849320730218, [1.0616295793207966, 1.0504463645280953, 0, 0, 0, 0])}
{'cok_com>>poloniex': (1.1629228638758589, [1.0790899241447585, 1.0776885576033368, 0, 0, 0, 0]), 'cok_com>>kraken': (1.0986780256114757, [1.0487706428458607, 1.0475865558461763, 0, 0, 0, 0]), 'cok_cn>>poloniex': (1.1226257861527824, [1.061854029670468, 1.0572317425787556, 0, 0, 0, 0])}
{'cok_com>>poloniex': (1.1575384021012645, [1.0798937851590957, 1.0719002350131404, 0, 0, 0, 0]), 'cok_com>>kraken': (1.1023423898117124, [1.0520009661254888, 1.047853020393727, 0, 0, 0, 0]), 'cok_cn>>poloniex': (1.1195190356631308, [1.0613002969161756, 1.0548560467910182, 0, 0, 0, 0]), 'cok_cn>>kraken': (1.0661359372374735, [1.0338877332649872, 1.0311912047458456, 0, 0, 0, 0])}
{'cok_com>>poloniex': (1.1553050311243773, [1.0782511694737864, 1.071461885534699, 0, 0, 0, 0]), 'cok_com>>kraken': (1.1043176878781713, [1.0543182588263609, 1.047423468799135, 0, 0, 0, 0]), 'cok_cn>>poloniex': (1.1156441069716545, [1.0596177041987085, 1.0528741663629655, 0, 0, 0, 0])}
{'cok_com>>poloniex': (1.155201059217368, [1.0753115414750878, 1.0742942995224338, 0, 0, 0, 0]), 'cok_com>>kraken': (1.1099256295566722, [1.0527268350368915, 1.0543339379372583, 0, 0, 0, 0]), 'cok_cn>>poloniex': (1.1158144390718, [1.057788351753041, 1.0548560467910182, 0, 0, 0, 0]), 'cok_cn>>kraken': (1.0720826767543299, [1.0355716838603908, 1.0352568474621031, 0, 0, 0, 0])}
{'cok_com>>poloniex': (1.1602626803898506, [1.0796842353344782, 1.0746314917068414, 0, 0, 0, 0]), 'cok_com>>kraken': (1.1106089994069634, [1.0530444657436315, 1.0546648650991972, 0, 0, 0, 0]), 'cok_cn>>poloniex': (1.120369596467194, [1.0621066257101857, 1.0548560467910182, 0, 0, 0, 0]), 'cok_cn>>kraken': (1.0724231482480577, [1.0359005602107985, 1.0352568474621031, 0, 0, 0, 0])}
{'cok_com>>poloniex': (1.1586125290606732, [1.0784532370376565, 1.0743280183786197, 0, 0, 0, 0]), 'cok_com>>kraken': (1.1056847522367066, [1.0527964367646165, 1.0502360319860342, 0, 0, 0, 0]), 'cok_cn>>poloniex': (1.1174095720510038, [1.0578099598505404, 1.0563424570221331, 0, 0, 0, 0]), 'cok_cn>>kraken': (1.066364030105736, [1.0326442707556038, 1.0326537998661038, 0, 0, 0, 0])}
{'cok_com>>poloniex': (1.1575691177469123, [1.0774820143884893, 1.0743280187408746, 0, 0, 0, 0]), 'cok_com>>kraken': (1.1044345118258203, [1.0515366709108673, 1.050305274536105, 0, 0, 0, 0]), 'cok_cn>>poloniex': (1.1163506533799992, [1.0576508633093524, 1.0555001580455172, 0, 0, 0, 0]), 'cok_cn>>kraken': (1.0651080527199595, [1.032183046156471, 1.0318984182951765, 0, 0, 0, 0])}
{'cok_com>>poloniex': (1.1583092820693293, [1.0784518451845184, 1.0740482175828143, 0, 0, 0, 0]), 'cok_com>>kraken': (1.1031293203787085, [1.0517364149250084, 1.0488648151042337, 0, 0, 0, 0]), 'cok_cn>>poloniex': (1.115656660151943, [1.0592392756795679, 1.0532621719829827, 0, 0, 0, 0])}
{'cok_com>>poloniex': (1.1522394667825617, [1.0762706983441326, 1.0705851869379226, 0, 0, 0, 0]), 'cok_com>>kraken': (1.0956829855325287, [1.046506662559809, 1.0469909315746084, 0, 0, 0, 0]), 'cok_cn>>poloniex': (1.1160927240895666, [1.059047041036717, 1.0538651078209016, 0, 0, 0, 0])}
{'cok_com>>poloniex': (1.15179673993142, [1.07554715622363, 1.070893761623164, 0, 0, 0, 0]), 'cok_com>>kraken': (1.096404914213789, [1.0471295381530257, 1.0470575743166195, 0, 0, 0, 0]), 'cok_cn>>poloniex': (1.1152944056644527, [1.0590470410329047, 1.053111299547836, 0, 0, 0, 0])}
{'cok_com>>poloniex': (1.1557524847757303, [1.074550422808196, 1.0755684053944379, 0, 0, 0, 0]), 'cok_com>>kraken': (1.0959897432217554, [1.0462331959898892, 1.047557798225652, 0, 0, 0, 0]), 'cok_cn>>poloniex': (1.113700851648529, [1.0552390407665921, 1.0554014859414853, 0, 0, 0, 0])}
{'cok_com>>poloniex': (1.1619559083362454, [1.0793545359178487, 1.0765284896386293, 0, 0, 0, 0]), 'cok_com>>kraken': (1.100279685466724, [1.0502570212789875, 1.0476289738361566, 0, 0, 0, 0]), 'cok_cn>>poloniex': (1.1157191819886885, [1.0583541677004737, 1.0542020960836331, 0, 0, 0, 0])}
{'cok_com>>poloniex': (1.1620541098033441, [1.0774738738738738, 1.0784986420370235, 0, 0, 0, 0]), 'cok_com>>kraken': (1.1037134795897254, [1.050597507370019, 1.050557870018817, 0, 0, 0, 0]), 'cok_cn>>poloniex': (1.1193502946223395, [1.0569619243243242, 1.0590261284368383, 0, 0, 0, 0]), 'cok_cn>>kraken': (1.0631535985587468, [1.0305972051904608, 1.0315898327729982, 0, 0, 0, 0])}
{'cok_com>>poloniex': (1.1624730201294873, [1.0778622926675838, 1.078498643136037, 0, 0, 0, 0]), 'cok_com>>kraken': (1.1037534258308788, [1.0506355312069662, 1.050557870018817, 0, 0, 0, 0]), 'cok_cn>>poloniex': (1.1203870958138904, [1.057342948760831, 1.0596250697344176, 0, 0, 0, 0]), 'cok_cn>>kraken': (1.0637933731344082, [1.0306345051648218, 1.0321732561867638, 0, 0, 0, 0])}
{'cok_com>>poloniex': (1.1611945754946926, [1.0790889746456522, 1.0760878878185203, 0, 0, 0, 0]), 'cok_com>>kraken': (1.1045298816999083, [1.051407386583266, 1.050525130215485, 0, 0, 0, 0]), 'cok_cn>>poloniex': (1.1215893972940763, [1.0609654127745518, 1.0571403966515605, 0, 0, 0, 0]), 'cok_cn>>kraken': (1.0668573815730502, [1.0337487437185928, 1.032027741804415, 0, 0, 0, 0])}
{'cok_com>>poloniex': (1.1646633098432426, [1.082094032588864, 1.076305085110612, 0, 0, 0, 0]), 'cok_com>>kraken': (1.1072970406698612, [1.0540086103491166, 1.050557870018817, 0, 0, 0, 0]), 'cok_cn>>poloniex': (1.1297187497673482, [1.0681714286100603, 1.0576193291720744, 0, 0, 0, 0]), 'cok_cn>>kraken': (1.0740736982390293, [1.04044736333158, 1.032319112040205, 0, 0, 0, 0])}
{'cok_com>>poloniex': (1.1754332539862988, [1.0874632713026444, 1.080894670197254, 0, 0, 0, 0]), 'cok_com>>kraken': (1.113392681066243, [1.0578016937191248, 1.0525533166350545, 0, 0, 0, 0]), 'cok_cn>>poloniex': (1.1307544317962852, [1.0671766024594624, 1.0595757339415974, 0, 0, 0, 0]), 'cok_cn>>kraken': (1.0710720529435327, [1.038068362738179, 1.0317933687125362, 0, 0, 0, 0])}
{'cok_com>>poloniex': (1.1781002426479628, [1.0882332392635812, 1.08258064552889, 0, 0, 0, 0]), 'cok_com>>kraken': (1.1127335583027291, [1.0562149163634313, 1.053510550801434, 0, 0, 0, 0]), 'cok_cn>>poloniex': (1.132016258485127, [1.067775299373626, 1.0601633687810401, 0, 0, 0, 0]), 'cok_cn>>kraken': (1.06920653587973, [1.036358896081916, 1.0316952360055949, 0, 0, 0, 0])}
{'cok_com>>poloniex': (1.186251955470333, [1.093033100981716, 1.0852845667756006, 0, 0, 0, 0]), 'cok_com>>kraken': (1.1173871060793772, [1.0595689581977188, 1.0545676120787877, 0, 0, 0, 0]), 'cok_cn>>poloniex': (1.1358543124768372, [1.0726764789606218, 1.0588973793640297, 0, 0, 0, 0])}
{'kraken>>poloniex': (1.07042406475298, [1.038463034738084, 0, 1.0307772438168268, 0, 0, 0]), 'cok_com>>poloniex': (1.1947931077798082, [1.101709866037083, 1.0844897959183675, 0, 0, 0, 0]), 'cok_com>>kraken': (1.1173599182958374, [1.0605401128408085, 1.0535762907664368, 0, 0, 0, 0]), 'cok_cn>>poloniex': (1.1442951256278227, [1.0803721928813117, 1.0591675102040816, 0, 0, 0, 0])}
{'cok_com>>poloniex': (1.1728670465547864, [1.0899017824663513, 1.0761217803504202, 0, 0, 0, 0]), 'cok_com>>kraken': (1.1153177817584434, [1.064348134991119, 1.047888134616546, 0, 0, 0, 0]), 'cok_cn>>poloniex': (1.1296470044459632, [1.0689903708257547, 1.056741983160572, 0, 0, 0, 0])}
{'cok_com>>poloniex': (1.1685392100152185, [1.0884564979978157, 1.0735745637650311, 0, 0, 0, 0]), 'cok_com>>kraken': (1.1146269781205642, [1.0636222541823794, 1.047953795379538, 0, 0, 0, 0]), 'cok_cn>>poloniex': (1.1284200197659608, [1.0698756495813613, 1.054720724046302, 0, 0, 0, 0])}
{'cok_com>>poloniex': (1.1660356788673807, [1.088809176984705, 1.0709274898807732, 0, 0, 0, 0]), 'cok_com>>kraken': (1.1142882305941908, [1.0636401054579205, 1.0476177279103867, 0, 0, 0, 0]), 'cok_cn>>poloniex': (1.1246590107366294, [1.0683918572469044, 1.0526652773587375, 0, 0, 0, 0])}
{'cok_com>>poloniex': (1.1626032485125448, [1.0853306334385175, 1.071197304022659, 0, 0, 0, 0]), 'cok_com>>kraken': (1.1113105747957628, [1.0605302491103203, 1.0478820153673525, 0, 0, 0, 0]), 'cok_cn>>poloniex': (1.1237913509403763, [1.0676178693160525, 1.0526157188248546, 0, 0, 0, 0])}
{'cok_com>>poloniex': (1.1597658532443083, [1.0830171788017713, 1.0708656113169417, 0, 0, 0, 0]), 'cok_com>>kraken': (1.1132321604636517, [1.0612613683816678, 1.0489707753719848, 0, 0, 0, 0]), 'cok_cn>>poloniex': (1.1232959708201034, [1.0680840478674407, 1.0516924890535533, 0, 0, 0, 0]), 'cok_cn>>kraken': (1.0782255719446152, [1.0466282164060696, 1.0301896652920797, 0, 0, 0, 0])}
{'cok_com>>poloniex': (1.1513895602026014, [1.081067680057908, 1.0650485454721268, 0, 0, 0, 0]), 'cok_com>>kraken': (1.1105502417219244, [1.0598977285751443, 1.0477900006587182, 0, 0, 0, 0]), 'cok_cn>>poloniex': (1.1143718469388202, [1.0635201302931594, 1.0478145313823477, 0, 0, 0, 0]), 'cok_cn>>kraken': (1.074845531661976, [1.0426938027888142, 1.030835254594559, 0, 0, 0, 0])}
{'cok_com>>poloniex': (1.159827777107139, [1.0810676800657333, 1.072853992856966, 0, 0, 0, 0]), 'cok_com>>kraken': (1.1087227844141054, [1.0576545837989577, 1.048284384521568, 0, 0, 0, 0]), 'cok_cn>>poloniex': (1.1237302613873406, [1.0640519435473328, 1.05608590652168, 0, 0, 0, 0]), 'cok_cn>>kraken': (1.0742158180099117, [1.0410073635950319, 1.0319003069298158, 0, 0, 0, 0])}
{'cok_com>>poloniex': (1.1572280287139245, [1.0825263876406501, 1.0690067622610895, 0, 0, 0, 0]), 'cok_com>>kraken': (1.107643761163045, [1.057712634768515, 1.0472067031755345, 0, 0, 0, 0]), 'cok_cn>>poloniex': (1.121637199210202, [1.0661267284277285, 1.0520674224764421, 0, 0, 0, 0]), 'cok_cn>>kraken': (1.0735779078685765, [1.0416888898016967, 1.0306128042442215, 0, 0, 0, 0])}
{'cok_com>>poloniex': (1.1592690260368699, [1.0830354100485777, 1.0703888490449938, 0, 0, 0, 0]), 'cok_com>>kraken': (1.1087904226144456, [1.0586745860185727, 1.0473382824691644, 0, 0, 0, 0]), 'cok_cn>>poloniex': (1.1217202525841348, [1.065562476958664, 1.0527024710796467, 0, 0, 0, 0]), 'cok_cn>>kraken': (1.072876653290647, [1.0415946733639487, 1.030032776402043, 0, 0, 0, 0])}
{'cok_com>>poloniex': (1.1674089115697799, [1.0853888081395349, 1.0755674858770985, 0, 0, 0, 0]), 'cok_com>>kraken': (1.1126882966464227, [1.0572813372406031, 1.0524051238343297, 0, 0, 0, 0]), 'cok_cn>>poloniex': (1.1273806399732527, [1.067931300872093, 1.0556677560182122, 0, 0, 0, 0]), 'cok_cn>>kraken': (1.0745362927521316, [1.0402759134789132, 1.032933934958317, 0, 0, 0, 0])}
{'cok_com>>poloniex': (1.166150986624897, [1.0839820836369767, 1.0758028238919108, 0, 0, 0, 0]), 'cok_com>>kraken': (1.114969335579474, [1.059216687665492, 1.052635734088424, 0, 0, 0, 0]), 'cok_cn>>poloniex': (1.1263973077473146, [1.066600526967645, 1.056062958218924, 0, 0, 0, 0]), 'cok_cn>>kraken': (1.076960421267905, [1.042232241926327, 1.0333209604774756, 0, 0, 0, 0])}
{'cok_com>>poloniex': (1.1671987437708913, [1.0849460775998747, 1.0758126766566838, 0, 0, 0, 0]), 'cok_com>>kraken': (1.110816583058456, [1.0552389592560523, 1.0526682826812859, 0, 0, 0, 0]), 'cok_cn>>poloniex': (1.1261996198762416, [1.0673355749089306, 1.0551504572236652, 0, 0, 0, 0]), 'cok_cn>>kraken': (1.0717979438112015, [1.0381106531445836, 1.0324505779461701, 0, 0, 0, 0])}
{'cok_com>>poloniex': (1.1703465150923975, [1.082530310879854, 1.0811212428233705, 0, 0, 0, 0]), 'cok_com>>kraken': (1.110940276074791, [1.0549952088858654, 1.0530287405267051, 0, 0, 0, 0]), 'cok_cn>>poloniex': (1.1288487926638568, [1.0649590201527135, 1.0599927051671731, 0, 0, 0, 0]), 'cok_cn>>kraken': (1.071548958531885, [1.0378708592535608, 1.0324492194554393, 0, 0, 0, 0])}
{'cok_com>>poloniex': (1.1739779406240485, [1.0835667542174299, 1.0834385016471968, 0, 0, 0, 0]), 'cok_com>>kraken': (1.1123000624875456, [1.0559559612958518, 1.0533583816531036, 0, 0, 0, 0]), 'cok_cn>>poloniex': (1.1285302372759805, [1.0627132717365548, 1.0619329477572776, 0, 0, 0, 0]), 'cok_cn>>kraken': (1.0692400683218124, [1.0356338546478292, 1.0324498987003579, 0, 0, 0, 0])}
{'cok_com>>poloniex': (1.173977984228872, [1.083566758169138, 1.083438537937892, 0, 0, 0, 0]), 'cok_com>>kraken': (1.1109796232523366, [1.0547010217825248, 1.053359767656901, 0, 0, 0, 0]), 'cok_cn>>poloniex': (1.130880453315361, [1.0654251798122136, 1.0614358236912367, 0, 0, 0, 0]), 'cok_cn>>kraken': (1.0701948050524883, [1.0370427270023066, 1.0319678998627295, 0, 0, 0, 0])}
{'cok_com>>poloniex': (1.1773848030682321, [1.0857944891368745, 1.0843532683649602, 0, 0, 0, 0]), 'cok_com>>kraken': (1.1139282907009596, [1.058226654627049, 1.0526367728788135, 0, 0, 0, 0]), 'cok_cn>>poloniex': (1.1322737685121391, [1.0641088959816185, 1.064058173733845, 0, 0, 0, 0]), 'cok_cn>>kraken': (1.0712485673990542, [1.0370916489442221, 1.032935294088622, 0, 0, 0, 0])}
{'cok_com>>poloniex': (1.1734485826067906, [1.08577271082943, 1.0807497470721883, 0, 0, 0, 0]), 'cok_com>>kraken': (1.1147745431324074, [1.0585839980380842, 1.0530808563122656, 0, 0, 0, 0]), 'cok_cn>>poloniex': (1.127798192195239, [1.064466226066337, 1.0594964542585263, 0, 0, 0, 0]), 'cok_cn>>kraken': (1.0714067348882637, [1.037811046572558, 1.0323716811713053, 0, 0, 0, 0])}
{'cok_com>>poloniex': (1.1740853761630687, [1.084203108071025, 1.0829016882749571, 0, 0, 0, 0]), 'cok_com>>kraken': (1.1146561235693924, [1.058586239250462, 1.0529667609874005, 0, 0, 0, 0]), 'cok_cn>>poloniex': (1.1270361849546155, [1.0629274241531939, 1.0603133942587806, 0, 0, 0, 0]), 'cok_cn>>kraken': (1.069988444238545, [1.037813243804868, 1.0310028809381109, 0, 0, 0, 0])}
{'cok_com>>poloniex': (1.1755974415343793, [1.0825788892842598, 1.0859231167084904, 0, 0, 0, 0]), 'cok_com>>kraken': (1.1145517204187199, [1.0587760708568266, 1.052679363556787, 0, 0, 0, 0]), 'cok_cn>>poloniex': (1.1290499875153064, [1.0615653898767023, 1.06357083443201, 0, 0, 0, 0]), 'cok_cn>>kraken': (1.070421354763657, [1.0382245982963416, 1.0310113597001536, 0, 0, 0, 0])}
{'cok_com>>poloniex': (1.1678616616753146, [1.0818499819689866, 1.0795042576511256, 0, 0, 0, 0]), 'cok_com>>kraken': (1.1155273378831025, [1.0580949304048735, 1.0542790687563854, 0, 0, 0, 0]), 'cok_cn>>poloniex': (1.1239371846497672, [1.0609036206274791, 1.059414976814771, 0, 0, 0, 0]), 'cok_cn>>kraken': (1.0735712085467508, [1.0376085051931818, 1.0346592218294062, 0, 0, 0, 0])}
{'cok_com>>poloniex': (1.1665828087928523, [1.0814671953857244, 1.078703832876567, 0, 0, 0, 0]), 'cok_com>>kraken': (1.117502740578003, [1.0574239515782808, 1.0568161794614641, 0, 0, 0, 0]), 'cok_cn>>poloniex': (1.1189976656312406, [1.0605100514059118, 1.0551504572236652, 0, 0, 0, 0]), 'cok_cn>>kraken': (1.0719195830918038, [1.0369327280853442, 1.0337407182345006, 0, 0, 0, 0])}
{'cok_com>>poloniex': (1.1626533157878798, [1.0814671953857244, 1.0750703495663583, 0, 0, 0, 0]), 'cok_com>>kraken': (1.1193681700810347, [1.0578400667428782, 1.0581638995085556, 0, 0, 0, 0]), 'cok_cn>>poloniex': (1.1162322962877413, [1.0605211751982695, 1.052531832831208, 0, 0, 0, 0]), 'cok_cn>>kraken': (1.0746753876792976, [1.0373516603560418, 1.0359798212598854, 0, 0, 0, 0])}
{'cok_com>>poloniex': (1.1620679880010516, [1.0801486250095802, 1.0758408251371379, 0, 0, 0, 0]), 'cok_com>>kraken': (1.120352663737257, [1.0591647892908196, 1.0577699287826654, 0, 0, 0, 0]), 'cok_cn>>poloniex': (1.1141202557833556, [1.0589107079565392, 1.0521380579230883, 0, 0, 0, 0]), 'cok_cn>>kraken': (1.0741261347691364, [1.0383394570915025, 1.0344652969057693, 0, 0, 0, 0])}
{'cok_com>>poloniex': (1.167197457233254, [1.0794704819816103, 1.0812685262968942, 0, 0, 0, 0]), 'cok_com>>kraken': (1.1130178700545252, [1.057097552811008, 1.0528998644399614, 0, 0, 0, 0]), 'cok_cn>>poloniex': (1.1184817979507966, [1.058510261800874, 1.0566565467659155, 0, 0, 0, 0])}
{'cok_com>>poloniex': (1.166166123156757, [1.0791330935678793, 1.0806508762520897, 0, 0, 0, 0]), 'cok_com>>kraken': (1.1070572619303314, [1.0545373377764653, 1.0498037596891605, 0, 0, 0, 0]), 'cok_cn>>poloniex': (1.1255275064509, [1.0623550575959924, 1.0594645343882119, 0, 0, 0, 0])}
{'cok_com>>poloniex': (1.1597298884958491, [1.0764188144322282, 1.077396523496818, 0, 0, 0, 0]), 'cok_com>>kraken': (1.1103268658395442, [1.0545669933491753, 1.0528746612041047, 0, 0, 0, 0]), 'cok_cn>>poloniex': (1.122349885265263, [1.0576267756522497, 1.0611965497687952, 0, 0, 0, 0]), 'cok_cn>>kraken': (1.074539203346928, [1.0361564420197134, 1.0370434036508982, 0, 0, 0, 0])}
{'cok_com>>poloniex': (1.1571865675651012, [1.0758015240216559, 1.0756506118704914, 0, 0, 0, 0]), 'cok_com>>kraken': (1.108900439288443, [1.052628808862322, 1.05345818958436, 0, 0, 0, 0]), 'cok_cn>>poloniex': (1.121490390044996, [1.0596022156314766, 1.0584069884910883, 0, 0, 0, 0]), 'cok_cn>>kraken': (1.0746937624720567, [1.0367784328269702, 1.036570330211927, 0, 0, 0, 0])}
{'cok_com>>poloniex': (1.1538260670472273, [1.0733416815780799, 1.074984869078051, 0, 0, 0, 0]), 'cok_com>>kraken': (1.1031217118607173, [1.0507864286977735, 1.0498058232706737, 0, 0, 0, 0]), 'cok_cn>>poloniex': (1.1193828227949374, [1.0571794132417072, 1.0588390284317883, 0, 0, 0, 0]), 'cok_cn>>kraken': (1.0701920601161898, [1.0349637950329158, 1.034038161771788, 0, 0, 0, 0])}
{'cok_com>>poloniex': (1.1553190362147336, [1.0741066953173941, 1.0756091934361713, 0, 0, 0, 0]), 'cok_com>>kraken': (1.0991442075106534, [1.050829302500395, 1.0459778813697864, 0, 0, 0, 0]), 'cok_cn>>poloniex': (1.123391940154938, [1.0574629430795377, 1.062346390014767, 0, 0, 0, 0]), 'cok_cn>>kraken': (1.0687694957671878, [1.034546243627991, 1.0330804469592207, 0, 0, 0, 0])}
{'cok_com>>poloniex': (1.1573504571206599, [1.0733381037259868, 1.078272031061818, 0, 0, 0, 0]), 'cok_com>>kraken': (1.1004936816243718, [1.050840713203341, 1.0472507086917775, 0, 0, 0, 0]), 'cok_cn>>poloniex': (1.12218034514968, [1.0540776386102588, 1.0646088144220673, 0, 0, 0, 0]), 'cok_cn>>kraken': (1.067051360184091, [1.0319839514536375, 1.0339805756485438, 0, 0, 0, 0])}
{'cok_com>>poloniex': (1.1532238314788836, [1.0725667766535776, 1.0752000309733227, 0, 0, 0, 0]), 'cok_com>>kraken': (1.0963845487305912, [1.049898876565716, 1.0442763328949667, 0, 0, 0, 0]), 'cok_cn>>poloniex': (1.1152508772398362, [1.0515865084388158, 1.0605412567488492, 0, 0, 0, 0])}
{'cok_com>>poloniex': (1.152296367599384, [1.0717041800643086, 1.0752000309733227, 0, 0, 0, 0]), 'cok_com>>kraken': (1.0951613663842588, [1.0487196474551146, 1.0442842079309207, 0, 0, 0, 0]), 'cok_cn>>poloniex': (1.115034932867666, [1.0508913612004287, 1.0610373003675342, 0, 0, 0, 0])}
{'cok_com>>poloniex': (1.1518401974145556, [1.0728223495702007, 1.0736541775775004, 0, 0, 0, 0]), 'cok_com>>kraken': (1.094688193970025, [1.0455390967158222, 1.0470083781740795, 0, 0, 0, 0]), 'cok_cn>>poloniex': (1.1179152759077555, [1.053631375358166, 1.0610117561540318, 0, 0, 0, 0])}
{'cok_com>>poloniex': (1.152406496294533, [1.0736841620868167, 1.0733198243836541, 0, 0, 0, 0]), 'cok_com>>kraken': (1.0939726222136434, [1.0455405565311728, 1.0463225126753144, 0, 0, 0, 0]), 'cok_cn>>poloniex': (1.121286216407667, [1.05584722316029, 1.0619777102330292, 0, 0, 0, 0])}
{'cok_com>>poloniex': (1.1568656485204434, [1.0737396916457511, 1.0774172339175454, 0, 0, 0, 0]), 'cok_com>>kraken': (1.101269195089631, [1.0494977609340643, 1.0493297233044971, 0, 0, 0, 0]), 'cok_cn>>poloniex': (1.1240875213985009, [1.0548700896378629, 1.0656170199919124, 0, 0, 0, 0]), 'cok_cn>>kraken': (1.070066313650206, [1.0310541798584296, 1.0378371326685596, 0, 0, 0, 0])}
{'cok_com>>poloniex': (1.1649103056272578, [1.0782054054054053, 1.0804159391032282, 0, 0, 0, 0]), 'cok_com>>kraken': (1.1051364549066272, [1.0502701127839345, 1.0522402203536567, 0, 0, 0, 0]), 'cok_cn>>poloniex': (1.1280774317095557, [1.060086054054054, 1.0641376022215219, 0, 0, 0, 0]), 'cok_cn>>kraken': (1.0701935485654268, [1.0326202168624794, 1.036386399461663, 0, 0, 0, 0])}
{'cok_com>>poloniex': (1.1665681188777657, [1.0810520607375271, 1.079104477245894, 0, 0, 0, 0]), 'cok_com>>kraken': (1.1042629787107627, [1.0512835567549819, 1.0503949877417598, 0, 0, 0, 0]), 'cok_cn>>poloniex': (1.1254604003046018, [1.0624728850325378, 1.059283880237692, 0, 0, 0, 0]), 'cok_cn>>kraken': (1.0653507788785967, [1.033215988479508, 1.0311017161536367, 0, 0, 0, 0])}
